0
0
122
-1
-1
178
0
121
-1
-1
109
-1
168
-1
-1
-1
143
126
-1
-1
-1
158
170
-1
173
171
-1
151
139
80
132
128
-1
-1
-1
157
-1
133
127
-1
-1
-1
10
-1
-1
142
180
179
150
148
144
136
-1
131
-1
-1
8
-1
2
155
187
-1
149
-1
3
4
8
14
0
156
78
154
153
152
71
-1
141
-1
9
11
13
15
18
19
20
23
26
32
33
34
36
39
4
40
41
43
-1
44
52
54
55
57
61
-1
178
63
75
77
96
103
118
119
120
85
121
122
132
188
-1
-1
-1
-1
-1
189
125
200
-1
-1
-1
162
195
-1
-1
-1
147
194
-1
168
197
-1
159
-1
-1
-1
-1
193
173
186
-1
-1
-1
-1
-1
-1
-1
-1
-1
-1
-1
208
210
207
142
213
211
204
204
218
-1
215
-1
-1
199
-1
156
198
196
216
-1
-1
-1
161
222
206
190
212
205
-1
-1
-1
-1
209
209
-1
-1
-1
-1
-1
-1
-1
-1
223
212
164
-1
-1
-1
-1
-1
-1
-1
-1
-1
-1
198
-1
-1
219
-1
-1
230
230
-1
213
208
231
197
181
203
236
-1
232
245
247
247
249
253
215
224
256
254
260
252
261
217
-1
211
-1
261
-1
262
-1
265
270
273
275
251
278
262
264
-1
-1
285
244
285
277
233
236
249
273
283
237
291
292
221
307
321
290
298
249
328
349
274
315
315
259
305
318
324
328
335
369
371
344
341
373
373
375
368
383
384
365
419
406
378
346
402
368
331
404
386
388
382
361
357
-1
408
418
401
420
394
377
354
392
376
422
398
390
396
422
391
344
408
403
366
397
423
349
380
345
388
411
424
393
-1
425
427
428
400
-1
411
412
413
399
417
430
408
-1
417
391
430
-1
359
415
415
408
433
434
-1
437
437
-1
410
-1
439
-1
-1
-1
439
441
-1
441
-1
445
446
447
423
448
-1
448
-1
-1
449
451
451
452
-1
456
456
458
459
450
461
462
463
464
-1
414
-1
466
-1
-1
467
468
469
-1
469
-1
472
-1
462
415
478
474
476
472
436
451
479
469
483
463
443
487
454
458
444
488
485
491
450
493
490
482
493
430
473
493
486
487
500
498
496
501
449
502
449
455
503
511
510
445
504
508
496
494
488
508
490
497
478
481
524
472
454
524
499
530
-1
532
533
533
534
536
536
538
538
539
540
542
524
544
544
546
528
548
549
551
551
552
554
536
555
556
558
558
559
549
560
563
530
564
565
566
568
569
569
537
532
573
573
575
575
576
578
579
580
582
582
584
584
574
-1
-1
585
585
-1
587
-1
588
589
590
-1
577
-1
591
-1
559
-1
-1
594
-1
596
596
-1
583
599
599
-1
601
602
603
569
-1
580
604
606
606
-1
-1
598
585
590
-1
610
-1
612
612
-1
-1
-1
613
-1
615
-1
615
607
577
616
602
598
599
573
613
622
621
592
625
627
627
598
629
631
593
634
622
610
609
637
638
629
615
619
640
626
617
645
602
647
652
653
655
655
657
658
658
620
661
644
646
665
666
667
668
668
645
670
671
672
672
674
675
675
677
678
679
662
681
681
683
684
684
686
675
686
-1
687
-1
-1
687
669
-1
663
664
665
-1
-1
-1
-1
692
-1
-1
-1
693
-1
-1
694
-1
-1
-1
648
-1
697
-1
-1
697
-1
681
698
699
699
678
683
684
685
704
705
706
676
690
709
715
716
717
718
701
720
721
722
723
724
725
726
727
728
-1
-1
-1
-1
679
-1
-1
-1
-1
-1
-1
-1
-1
-1
694
731
-1
-2
-2
-2
-2
-2
-2
-2
-2
-2
-2
-2
-2
-2
-2
-2
-2
-2
-2
-2
-2
-2
-2
-2
-2
-2
-2
-2
-2
-2
-2
