-1
0
1
64
65
65
0
1
66
78
0
79
42
80
67
81
6
6
82
83
84
6
42
85
42
42
86
6
6
6
6
6
87
88
89
6
90
6
6
91
93
94
0
95
97
6
58
58
6
6
6
6
98
6
99
100
0
101
0
6
68
102
6
105
0
0
0
0
0
6
67
6
6
6
56
106
6
107
0
0
0
0
0
0
0
0
0
0
0
0
0
0
0
0
0
0
108
0
0
0
0
0
0
109
56
0
0
0
0
0
0
0
0
10
0
0
10
92
110
111
112
114
115
7
10
2
17
38
31
10
7
53
30
37
10
7
51
29
7
28
10
76
45
16
50
7
7
31
49
62
48
27
73
72
71
59
69
35
21
116
113
116
10
124
134
116
140
129
12
162
22
25
7
24
74
7
7
162
104
47
46
5
70
116
7
134
116
60
117
123
184
116
146
145
135
130
176
138
175
172
125
125
147
137
165
186
183
161
159
191
160
164
185
163
166
169
177
129
167
217
174
181
182
163
192
201
202
203
223
214
220
221
224
225
225
225
225
226
227
225
225
228
225
229
231
232
225
233
234
235
235
256
246
242
236
240
225
239
237
238
241
243
244
248
250
268
267
235
235
252
271
242
253
253
239
254
254
255
255
252
257
257
274
258
259
268
262
263
264
264
264
265
285
264
264
266
269
279
264
273
270
264
282
278
272
264
277
264
264
278
275
275
272
264
264
283
284
286
277
287
275
272
264
275
272
288
276
275
275
289
275
264
280
277
264
276
290
264
272
264
275
280
294
275
293
331
339
305
276
337
280
281
281
276
281
322
280
314
281
275
362
313
264
281
281
308
301
334
298
307
291
292
280
295
296
297
324
321
321
304
338
338
312
312
299
300
298
310
311
340
327
359
330
323
343
320
328
328
335
326
353
348
318
306
333
309
303
298
332
356
372
341
350
351
352
364
363
354
358
302
316
338
317
319
325
329
336
342
345
346
347
347
355
360
365
366
367
386
407
369
370
374
378
379
381
309
421
383
384
385
387
389
392
393
394
395
354
358
397
398
399
400
401
402
403
404
405
445
409
412
413
414
416
456
418
418
457
420
422
423
424
425
426
427
428
429
430
431
432
433
434
435
436
437
438
439
440
441
442
443
444
446
447
448
449
450
451
439
452
453
454
455
458
459
460
461
462
463
464
465
466
467
468
469
470
471
472
473
474
475
476
477
479
480
481
482
483
484
485
486
487
488
489
490
491
492
493
494
495
507
496
497
498
499
500
501
502
503
504
505
506
508
494
509
510
511
512
513
514
515
516
517
518
519
520
521
522
523
524
525
526
526
527
528
529
530
531
534
535
537
539
540
541
543
545
562
547
550
552
553
555
556
557
559
560
561
564
565
566
567
570
571
572
574
576
577
581
583
585
586
587
588
589
590
591
592
593
594
595
596
597
598
599
600
601
595
602
603
604
605
606
607
608
609
610
611
612
613
614
615
616
617
618
619
620
621
622
623
624
625
626
627
628
635
629
630
631
632
633
634
636
637
638
639
640
641
642
643
644
645
646
647
648
649
650
651
652
653
654
656
659
660
662
663
664
669
673
676
680
682
685
687
688
689
690
691
692
693
694
695
696
697
698
699
700
701
702
703
704
705
706
707
708
709
710
711
712
713
714
719
729
730
-1
-1
-1
-1
-1
-1
-1
-1
-1
-1
-1
-1
-1
-1
-1
-1
-1
-1
-1
-1
-1
-1
-1
-1
-1
-1
-1
-1
-1
-1
