0
-2
-2
-2
-2
-2
-2
-2
-2
-2
-2
-2
-2
-2
-2
-2
-2
-2
-2
-2
-2
-2
-2
-2
-2
-2
-2
-2
-2
-2
-2
-2
-2
-2
-2
-1
-1
-1
-1
-1
-1
-1
-1
-1
-1
-1
-1
-1
-1
-1
-1
-1
-1
-1
-1
-1
-1
-1
-1
-1
-1
-1
-1
-1
-1
-2
-2
-2
-2
-2
-2
-2
-2
-2
-2
-2
-2
-2
-2
-2
-2
-2
-2
-2
-2
-2
-2
-2
-2
-2
-2
-2
-2
-2
-2
-2
-2
-2
-2
-2
-2
-2
-2
-2
-2
-2
-2
-2
-2
-2
-2
-2
-2
-2
-2
-2
-2
-2
-2
-2
-2
-2
-2
-2
-2
-2
-2
-2
-2
0
1
3
0
2
0
3
8
20
6
36
7
44
37
35
7
32
41
8
9
2
17
10
53
50
23
58
45
11
21
12
52
4
52
13
0
5
14
6
61
14
4
51
16
0
17
8
9
22
23
10
24
11
15
25
15
26
27
12
26
13
29
14
29
16
32
37
69
58
19
76
77
59
39
75
87
61
78
33
18
34
19
20
35
31
21
34
36
22
135
136
130
92
110
111
35
17
112
0
2
5
7
9
0
12
12
13
15
16
21
23
25
25
0
27
29
23
39
41
27
66
66
68
70
71
72
38
73
20
50
76
89
90
90
31
65
66
69
23
24
25
44
26
27
28
110
103
29
-2
-2
-2
-2
-2
-2
-2
-2
-2
-2
-2
-2
-2
-2
-2
-2
-2
-2
-2
-2
-2
-2
-2
-2
-2
-2
-2
-2
-2
-2
-2
-2
-2
-2
-2
-2
-2
-2
-2
-2
-2
-2
-2
-2
-2
-2
-2
-2
-2
-2
