-1
-1
-1
-1
-1
-1
-1
-1
-1
-1
-1
-1
-1
-1
-1
-1
-1
-1
-1
-1
-1
-1
-1
-1
-1
-1
-1
-1
-1
-1
-1
-1
-1
-1
-1
132
130
149
135
161
165
167
144
175
176
179
181
187
189
191
182
193
225
208
210
211
214
217
267
268
269
271
272
273
276
-1
-1
-1
-1
-1
-1
-1
-1
-1
-1
-1
-1
-1
-1
-1
-1
-1
-1
-1
-1
-1
-1
-1
-1
-1
-1
-1
-1
-1
-1
-1
-1
-1
-1
-1
-1
-1
-1
-1
-1
-1
-1
-1
-1
-1
-1
-1
-1
-1
-1
-1
-1
-1
-1
-1
-1
-1
-1
-1
-1
-1
-1
-1
-1
227
129
228
131
131
229
131
230
164
136
231
136
233
234
235
173
236
237
136
136
136
238
136
239
239
240
241
243
136
244
136
245
136
248
136
232
136
136
136
246
136
134
247
136
232
136
139
141
142
143
145
146
150
136
152
242
153
154
155
184
156
158
160
162
168
171
249
250
251
136
252
253
254
255
256
257
258
259
195
196
197
199
200
201
202
203
204
205
206
260
261
262
263
264
265
204
168
266
0
130
133
135
170
135
138
140
147
148
151
157
159
163
166
169
172
174
182
198
137
182
177
178
180
183
185
186
188
190
192
192
194
207
209
212
213
215
224
216
218
219
220
221
222
223
226
270
274
275
-1
-1
-1
-1
-1
-1
-1
-1
-1
-1
-1
-1
-1
-1
-1
-1
-1
-1
-1
-1
-1
-1
-1
-1
-1
-1
-1
-1
-1
-1
-1
-1
-1
-1
-1
-1
-1
-1
-1
-1
-1
-1
-1
-1
-1
-1
-1
-1
-1
-1
